-0.35257882768872906 0.9832282958991156 -0.8192519008391267 0.19316227331471222 -0.030025682859598366 0.27134204606002504 -0.1925591853797485 0.2911825740540105 -0.34080817098677174 0.0
-0.6117003409722853 1.5583443864030169 1.4833047734101283 -0.3728638695181085 -0.2282365122167645 0.10838388607342465 -0.07542099784039334 -0.38191020929624003 -0.5466190511816575 0.0
-0.31654917882804473 1.6397767530968055 -0.5090271986303718 0.38248282943236983 0.24166864655053027 0.9136454866354315 0.024027333528772114 0.4740351702721146 -0.209463133408588 0.0
-0.5451886882612905 1.7619253031374882 1.6901212408909807 -0.28617738052847497 -0.10765574558808289 0.6716096911731437 0.15905389265196954 -0.3480840956645374 -0.4237705755220276 0.0
-0.5680271058469205 1.176630166796863 1.2764883059292755 -0.3531016048762533 -0.22138474281526804 0.11836836150388008 -0.0794597014269359 -0.35545404141736675 -0.5143276052931234 0.0
-0.5320553269685374 0.4386493429053848 -0.17122696841164559 -0.3861586732256129 -0.2652725995610122 -0.11625713337736035 -0.3212141794490775 -0.3343204125474432 -0.5082962563302263 0.0
-0.6643042193347588 0.35212745256421407 -0.6124354323707981 -0.6174715590228246 -0.3345325488302857 -0.32760484461387473 -0.49427508961549804 -0.5675046563496381 -0.6385601864152376 0.0
-0.6839620679160655 0.4946340942783437 0.718083842743497 -0.5286454148227885 -0.30401269460494096 -0.18829915863090788 -0.44992131552459735 -0.47279559736061955 -0.6368240846480884 0.0
-0.42546771338149997 1.3573082307632167 1.0903534851965078 -0.03930438975672135 0.04223678629786739 0.8900073036036238 0.1063990174908265 -0.02206233086376773 -0.279713327514452 0.0
-0.48798866692983506 1.4514644043883993 1.4488353621633194 -0.10355357030594196 -0.06963663264570397 0.5081731156228289 0.03958077675600013 -0.08264569162742474 -0.3389075646479631 0.0
-0.5052816966346937 2.884165107729791 1.8004233568807688 0.33521274204041906 0.17349482695182322 0.7691624971417637 -0.10244013903974243 0.4350696874160437 -0.40426940305809256 0.0
-0.3855607217549031 1.5634339085923585 -0.6331170791188835 0.14318436598659334 0.13024289953974977 0.9086022391152401 0.012639237891527792 0.21665090965791456 -0.28074877122810615 0.0
-0.46699738018223413 1.3471291849264928 -0.5366027276278188 -0.37419211745844827 -0.13580516383785285 0.7192209335998986 0.06095110684978709 -0.43248766069673533 -0.3820855691483774 0.0
-0.5625583671939385 2.3344966310886788 1.3523210106722545 -0.1015853529163607 -0.018111712038774964 0.7422828919210485 -0.0029280159219625397 -0.07075332160783868 -0.45283282879852155 0.0
-0.4046245504459161 1.6066948530339233 0.1872549095426417 0.32510918126197286 0.03957668601034784 0.3628165135029719 -0.13529138693382542 0.4280301749565933 -0.3611318068173568 0.0
-0.5318863577190917 3.4745497662597575 0.8766431344788175 0.28195186495111074 0.1429738625792967 0.7436706537581814 -0.0679411098540863 0.378342509789978 -0.44499983594979065 0.0
-0.6921848331292288 1.2758758640694283 -0.7572069605948709 -0.5871000000506693 -0.2928444740622173 0.035957288621634734 -0.38299423422673123 -0.5603285362093055 -0.6401065628888579 0.0
-0.6516073325988823 1.0213997166932982 0.5112673752626441 -0.49930332354286033 -0.23489737122114657 0.33092483640005627 -0.3015506309707577 -0.4741262112187334 -0.563897878223494 0.0
-0.6183515062433849 1.525262486340135 1.6970151231403423 0.19534777490271787 -0.09132859514634839 0.05614989981843577 -0.49551409638279187 0.327299195243857 -0.46450995895390856 0.0
-0.6589570755853582 1.2631520556799931 3.4825306276999894 0.014755224973571743 -0.10016513328662736 0.20810238671042575 -0.48119172118446657 0.13110220438918513 -0.4871010895554994 0.0
-0.3855607217549031 1.059571138945522 0.7870226652371145 -0.24911501301028552 -0.234065200675905 -0.10572148890439673 0.2551649478327897 -0.3339611109299006 -0.35911695143152855 0.0
-0.7699980744244529 -0.9635142229258369 -0.20569637965845444 -0.8482106448586524 -0.390411813197326 -0.7989608570869812 -0.7582284975987821 -0.7794057350156588 -0.7872470355004613 1.0
-0.7888119407188268 -1.4571979467359502 -0.24016579090526316 -0.8595700615842413 -0.39417775798168225 -0.8877850687200409 -0.8358026473970599 -0.7770908017718141 -0.8087758261018355 1.0
-0.7247701505809765 1.0061311486672333 -0.3297862601469661 -0.6791615444393687 -0.33203155835287235 -0.16853479683204778 -0.4148649775621301 -0.6718056571435688 -0.6883575291755554 1.0
-0.5815619865767498 0.028942746883730712 -0.24016579090526316 -0.6495846468460328 -0.34117774626821784 -0.3438994063112541 -0.3959022927842572 -0.6380411958146465 -0.5696082364953307 1.0
-0.7270395604483836 -1.167095139660308 -0.4745577873835629 -0.6494956182341717 -0.377920154690697 -0.7707081360487048 -0.8108964669812201 -0.5549154187936273 -0.7261223901758769 1.0
-0.7049694386308469 -0.7192171228444714 -1.06743166181615 -0.7036603535047303 -0.3735492345181864 -0.6685144090529452 -0.7183495526851322 -0.6184135636592115 -0.7210275570919032 1.0
-0.7181189853098771 -0.7573885450966951 -1.2880358937957261 -0.709293881326041 -0.36343424700552723 -0.5212844034267249 -0.7150229632574007 -0.6214509803342904 -0.7068455408937603 1.0
-0.7846306380208717 -1.2001770397231906 0.02180173457048352 -0.7874086656273841 -0.38670507596419323 -0.7871288831200567 -0.8024684635454518 -0.7035783313447705 -0.7860594905537612 1.0
-0.5784445146167879 -0.8159180590223658 -0.3022107311495191 -0.5390011040202066 -0.34291750143424715 -0.5159673452737396 -0.5945205594950358 -0.4511182664088818 -0.583661538630239 1.0
-0.6888538581170393 -0.4163905088374354 -1.0881133085642354 -0.6745005285048503 -0.3598773042105299 -0.5276815189269564 -0.686594813566142 -0.594342637342709 -0.6955279605211782 1.0
-0.5962430154452892 -0.40875622409538254 -0.40561896488994537 -0.5627442394168145 -0.3247687711551065 -0.31983791107614645 -0.5764642295878439 -0.4878644379441845 -0.5664537390997308 1.0
-0.8374110232019173 0.8305426083482622 0.4767979640158354 -0.8142232115969613 -0.38018465358845915 -0.6170347301140194 -0.5535574954029374 -0.8152768687689543 -0.8261010055029714 1.0
-0.6498721776284344 -0.14919055452991115 -0.784782489592318 -0.6701529317659003 -0.347822797709188 -0.38537923273477726 -0.5762584800555253 -0.6107792908203888 -0.6313304207771148 1.0
-0.8444911254607671 0.76946833186988 0.03558949906920704 -0.8051630706514855 -0.37624074308769306 -0.5538460972527015 -0.6157767643624522 -0.7689415763756919 -0.8297144352642458 1.0
-0.859123689057186 0.00858465521028359 -0.6813742548644157 -0.9066072113325835 -0.39480425043618406 -0.8571542938462111 -0.7106633514699878 -0.8882584603698092 -0.8618383743873429 1.0
-0.8138957652137094 0.7414759569124209 0.9662636037205203 -0.7914811993437609 -0.3722376562330805 -0.5057707571879893 -0.4937275515935348 -0.8130499609300654 -0.7888566577506988 2.0
-0.7912818032919713 0.2783293706124784 0.8904308989775409 -0.8129345718872679 -0.38091157532243825 -0.6350549577851861 -0.5026426130238564 -0.8565815943946798 -0.7669331715557968 2.0
-0.4719019369243428 -0.6276057103139594 0.4561163172677503 -0.3600162744215406 -0.3263069321250096 -0.5452804083030581 -0.4735701572657934 -0.2783168425229391 -0.5032804744099619 2.0
-0.7181189853098771 -1.062759920198402 -0.9984928393225324 -0.6370743310400024 -0.3865254713476518 -0.8753008678390697 -0.8218458769023207 -0.5410623865895017 -0.7673405795694322 2.0
-0.5990517566443718 -1.0882075340611903 -0.8399335475872121 -0.5438841681832294 -0.38076636026267174 -0.850677954101873 -0.6897961917203674 -0.4453384657729522 -0.6680961927094071 2.0
-0.7367422480689555 0.06711416913595415 0.8559614877307322 -0.7551523750897542 -0.3858396466934199 -0.8012319688466093 -0.49054031284802796 -0.7507642901128885 -0.7506663255186904 2.0
-0.41021373230213193 -0.6047028575458417 -0.9778111925744472 -0.5942087090727242 -0.3364286691723962 -0.3849253409277249 -0.5161228713614496 -0.535042349656939 -0.41300504961320544 2.0
-0.7154585192014372 -0.2026305462662405 -0.8261457830884885 -0.8072451082588712 -0.3720033862154211 -0.46165178491670356 -0.6194138335900622 -0.7704207293330463 -0.7037575289407301 2.0
-0.8211910329834134 0.10528559138817799 -0.7572069605948709 -0.8125061449997651 -0.3882449785697242 -0.7913384787047126 -0.6959963692932665 -0.7520360299092913 -0.8427032696972064 2.0
-0.8897190493042435 0.7898264235433269 -0.24016579090526316 -0.881422924995395 -0.3908167089606653 -0.7573933331586901 -0.6627604684232798 -0.8715201716896219 -0.8862929144236543 2.0
-0.7894662156553903 0.9170644972313918 0.26998149653498277 -0.7229092495099521 -0.35318208223095077 -0.3485660812753974 -0.513410265781819 -0.6945431581921083 -0.7572651529680853 2.0
-0.5579646127392833 -0.22298863793968762 -1.1363704843097675 -0.400369325544847 -0.3281465163396908 -0.5270925809624951 -0.5476729648556 -0.3064956780766235 -0.5916287673378089 2.0
-0.704447487126317 -0.5970685728037887 -0.812358018589765 -0.7006431670110429 -0.38366498390603454 -0.808740943599471 -0.7138939009606253 -0.6200875876099825 -0.7458585545481127 2.0
-0.32616003007136474 -0.821007581211707 -1.1156888375616825 -0.47995334495027453 -0.3345462811104819 -0.5049934670759769 -0.5717447909926283 -0.3957691577947136 -0.3453686925112623 2.0
-0.6383050020566833 0.7974607082853797 0.4974796107639207 -0.4919321875104792 -0.2509750777154096 0.1819293998768959 -0.32650048618744876 -0.4583473167189003 -0.561401403037228 2.0
-0.6848719439997023 0.39538839700577894 0.22172432078945042 -0.6604686472753599 -0.3330315478038138 -0.22556598653165652 -0.43090216706147555 -0.6400983868555624 -0.6421199654490568 2.0
-0.6764517456240344 1.6372319905440942 3.186093690977434 -0.17972967092380843 -0.1128823985938039 0.4295402434146559 -0.36274754084441435 -0.09512803240988427 -0.548367267952533 2.0
-0.615691040134945 0.3063217470279782 -0.3022107311495191 -0.6091751368413841 -0.30894382615507443 -0.0745142224039744 -0.40169282679822965 -0.5828287653979385 -0.5741703661127665 2.0
-0.42478075424592987 0.1078303524828486 -0.48145166963292474 -0.22000844676575015 -0.25545171069393424 -0.25238314584185684 -0.34826244501248904 -0.141717606865178 -0.42670040855570146 3.0
-0.7540352777738142 0.0594798843939013 -0.3504679068950513 -0.8358912134373895 -0.3879867699167646 -0.7556380214611422 -0.5589054095629878 -0.858453164962987 -0.7407857335700502 3.0
-0.8484818246234268 0.6676778735026442 1.1110351319445932 -0.8299851032771424 -0.39351557007001253 -0.8926100029419111 -0.5487535726683517 -0.8533568536183929 -0.835244017539743 3.0
-0.6476166334362226 -0.8260971048590893 -0.7434191960961474 -0.8912520448982152 -0.39307685698463496 -0.8161144128807301 -0.6651031006442225 -0.8984887974216885 -0.6498893981566263 3.0
-0.7181189853098771 -0.48000954495244735 -0.21948414415717796 -0.8540784633537075 -0.3888620060019348 -0.7493637661765176 -0.6120136148291514 -0.8528822088551941 -0.7044611553063816 3.0
-0.7886213371835314 0.18417319698729548 -0.40561896488994537 -0.8339755504844754 -0.3765350391323851 -0.486015003342289 -0.601537839858853 -0.820732870815794 -0.7679895976575289 3.0
-0.7627971806407111 -0.03213152813661065 -0.4607700228848394 -0.7280806018610094 -0.3834933731122582 -0.7865213910517405 -0.65328527973109 -0.6617212449103517 -0.7895571578113081 3.0
-0.8138957652137094 0.4310150581633315 -0.15743920391292207 -0.7980620983360845 -0.37304743119743977 -0.5060797050394099 -0.614738363388584 -0.7594740604031519 -0.7976950737852058 3.0
-0.8045841338341703 0.4335598192580026 -0.29531684890015725 -0.8001612402510677 -0.3791147147549978 -0.6220849659638725 -0.6031638718282356 -0.7669585574017244 -0.7963835030726372 3.0
-0.5305561246648717 -0.9024399479054956 -1.0260683683199794 -0.8217795985231681 -0.38431714404029954 -0.6931464650038278 -0.661401088785707 -0.7745858886708227 -0.5456083577395138 3.0
-0.3829002556464633 -0.7981047284435893 -0.8606151943352972 -0.7299744381570786 -0.35366624019026305 -0.33909075199814753 -0.52348659072012 -0.7004420482260243 -0.3576156794494505 3.0
-0.8165562313221493 -0.4392933616055531 -0.37804343589249834 -0.9016599940048574 -0.394304507040525 -0.8448563738137607 -0.7094876197296021 -0.8771616547909757 -0.82028377548182 3.0
-0.8577934560029661 -0.034676289231281465 -0.047137087923133925 -0.8983451194051918 -0.39415639460621443 -0.8442309990336704 -0.6839161707513381 -0.8960199256518647 -0.8590296709230714 3.0
-0.8855571115878433 0.173994151150572 -0.06092485242185744 -0.9016383888467122 -0.3943778934056754 -0.8477259402988734 -0.7065826289425804 -0.8796729512764101 -0.8953262189446476 3.0
-0.9136632442802016 0.5557083692986853 1.7452722988858747 -0.8850109694345542 -0.39438243458208444 -0.8695866826912626 -0.6590351570737607 -0.8852079766307579 -0.9083556169021058 3.0
1.242764117177301 -0.9813275535046134 -1.3431869517906203 1.115064279478828 -0.23412153840072286 -0.6868701925037847 -0.05436098313648815 1.2785719762180476 0.8847826677845777 4.0
0.7925797655221649 -0.4036667019060411 -0.2539535554039867 0.054765040193247495 0.07453273096357838 0.8490139612239839 0.8281281631455594 -0.13750532430707732 0.9310729205019707 4.0
0.3916239989871779 -0.6785009394975772 -1.1363704843097675 -0.000877885189000622 -0.2403686283011644 -0.3545279996032337 -0.11425655071096207 0.06569606242132335 0.32586558588679004 4.0
-0.18686461211382094 -0.18227245459279337 -0.9502356635770002 0.0791192477744016 -0.21847810129875853 -0.3186111026939225 -0.3114820387158598 0.1811410056857167 -0.25264937730443643 4.0
0.9446723324649925 -0.9253428006736132 -0.6400109613682451 0.9624203241998215 -0.14227013965978044 -0.4668987267424479 0.03206453029065899 1.099347991770214 0.6834064790493103 4.0
-0.02639779711553127 -1.1428874248383387 -1.1123298889327464 -0.08962748130185014 -0.3799579263301836 -0.9260400812401482 -0.6233397742197976 0.028122549819223186 -0.21205350967597242 4.0
-0.18602576362191875 -1.1518265716342433 0.29755702553242985 0.13012205204094068 -0.375571713937499 -0.9262768994239658 -0.5181419882812741 0.2548244366669386 -0.37777611766707264 4.0
-0.1301931800629717 -1.3706760563947793 -0.2815290844014337 -0.007299541985529267 -0.3822102322787902 -0.9424019349960069 -0.6386907561503523 0.11648665300701487 -0.2915414634526798 4.0
0.8937913736569101 -1.154371332728914 -0.6469048436176068 1.0504924055106113 -0.0984015147636569 -0.4010410995421429 -0.22917409952883874 1.2146652895870005 0.8052106776680046 4.0
0.9403305242022867 -0.23571244487108187 -0.3228923778976043 2.3567908076214747 0.19770061592766405 -0.2695481799123998 0.3995305627399946 2.5614262541665167 0.47591116017460944 4.0
0.42829457429692513 -0.3095105268228175 -0.4331944938873924 1.024943100122062 0.01392886337149262 -0.16235250906844617 0.12539533620983845 1.1574576836731196 0.2297630500892065 4.0
0.6396056194300577 -0.5996133338984595 -0.48834555188228645 1.9102439424877118 -0.20401574185004448 -0.7319323066103205 -0.08694325344615708 2.1189249836696886 0.10387157318517722 4.0
1.1414667593032115 -0.5690761963882887 -0.2815290844014337 2.0228647348540885 0.23973483809521737 -0.12992586913284476 0.4383077729352761 2.2009585500191133 0.7710904747554723 4.0
0.9923621712827808 -0.4596514532790002 -1.095007190813597 2.341403814016698 0.18380848925790402 -0.2834933924551411 0.2557440529066039 2.567582369557883 0.5015225949061806 4.0
1.74281216499693 -0.8464551965325364 -1.5844728315057577 1.0433227393941882 0.4976120541378839 0.815950139949075 0.6164258938443961 1.1759387561848094 1.6518191041918875 5.0
1.3437422487309612 -1.2510722689068081 -0.7158436670987004 0.5731216621499161 -0.16129761183504643 -0.38344604770629664 -0.10118262420985959 0.6930373131283856 1.2172669334473631 5.0
1.74281216499693 0.0238532246943893 2.593219816544847 1.3591794027473023 1.5225465856529898 2.3830065168301635 4.436267691206423 -0.3038206829891066 2.1622924693226606 5.0
1.1656889389408518 -1.5691674509399092 -0.559176271542369 -0.6264316463271928 -0.3230780255215995 -0.18663429941453918 -0.2953837820033321 -0.605933928354876 1.2227890433942568 5.0
1.2107189433089718 -1.1085656257346375 -0.09826866182607469 -0.3754992406081885 0.2655114747283862 3.3701965545502373 0.5474284931192277 -0.9813620409178161 1.8346927665898374 5.0
1.5421041470643204 -0.9946049537852889 -0.9734301580083852 -0.11427899777375225 -0.2256062965930824 -0.20245233978631053 0.3154116988532561 -0.17312879417357 1.478786627580601 5.0
1.410253901441956 -0.5958183406269949 -0.45036919899423317 0.3236776656859814 0.3076325529561203 1.205515115735567 1.0371396231653265 0.15835522200732505 1.4467431880409056 5.0
2.0753704285519037 -0.5614419116462358 1.5453497136543841 1.6995848408324823 1.0963828460034464 1.298368693219483 2.6318672247328667 1.428165207999398 2.157332901032213 5.0
1.3437422487309612 -0.40875622409538254 0.8904308989775409 0.8980950760024715 0.41040942677114695 0.7637174805622257 1.7485100784868575 0.675535122654679 1.4160933064280676 5.0
1.4767655541529507 -0.955879938183784 -0.012667676676325203 0.423565768191897 0.004334420465414436 0.16557956252912695 0.7698461792250005 0.3695358974493432 1.4566426220011193 5.0
1.3437422487309612 -0.7421199756125894 0.41475302377157963 1.017463868491395 0.34632953885628975 0.5269558817011347 1.0064102260321737 1.0168825061640376 1.323267875507159 5.0
1.410253901441956 -0.681045700592248 1.0903534851965078 0.7000086966650964 0.06699044075436328 0.12874859200920172 1.6365252120876674 0.4495142777654377 1.4351673346628284 5.0
1.144207290597977 -1.0551256354563487 -0.7089497848493386 0.4330734055731036 -0.08488935876681983 -0.10094950682087521 0.06646528823993603 0.5201817363488602 1.0341884584439711 5.0
2.673975302950857 -0.5385390588781181 0.6836144314966883 2.0569846781891354 1.2918822009340831 1.2960522614463321 2.7428659965743765 1.8420685907610763 2.7341534797722984 5.0
2.048553113624487 -0.7853809200541542 2.3519339378171855 0.973761059464076 0.9676876118326279 1.8717697129618875 3.2045506582629613 0.018132799267155195 2.4579730154125228 5.0
2.1418820812628985 -0.5232704908520532 1.0420963094509754 2.1241988750069645 1.6446739770782948 1.7176804666525667 2.2843508171644777 2.0337895055647426 2.1443163217922114 5.0
1.6097888595749403 -0.7701123520280893 0.0907405570641011 0.7267209812571249 0.42977315576053393 0.9854947031009187 1.1495989348311426 0.6392165819048783 1.6387353797281317 5.0
1.6097888595749403 -0.18990673933484642 -0.0953942636686663 1.7255245289891448 1.7603933274029757 2.2923878746091555 1.5792689694370055 1.7174600826641584 1.6723475299127315 5.0
2.4079286921068777 1.1740854057021923 0.9180064279749879 4.581886605104908 8.998290436311438 6.022231661498542 4.22184924624234 4.478584185411112 2.429254950776075 5.0
1.0776956378869822 -0.701403792265695 -1.7912892989866105 1.2876252538804878 0.2829738170991859 0.23072803171865952 0.343449253259137 1.460801659626736 0.8663635800214239 5.0
2.008858775840909 -1.0932970577085726 0.21483043854008874 -0.03480342384309454 -0.12466782936119516 0.16488694582624136 1.2665065701556375 -0.6557439361782175 2.187448895876754 5.0
2.4079286921068777 -0.7293961686811951 -0.6537987258669686 2.9099468948801683 1.7473521500854963 1.2803751334842155 0.9639583667863537 3.105400842143775 2.272646891338269 5.0
